 725020
 726797
 726387
 726660
 744904
 724400
 726070 - missing
 723419
 722166
 725070
 725260
 725440
 722560
 726375
 723840
 724280
 726685
 725170
 727135
 726574
 726563
 723300
 722268
 723190 - missing
 726458
 727570 - missing
 723320
 724640
 727453
 726559
 724625
 726665
 724839
 722689
 725316
 724504
 724035
 726940
 722286
 722544
 727575
 725486
 747750
 726625
 725920
 724645
 727923
 725366
 745940
 724070
 724675
 722108
 724088
 747910
 727790
 722526
 727810
 723340
 723240
 727555
 724240
 725038
 725235
 724950 - missing
 726223
 725515
 722315
 747580 - missing
 726155
 722039
 725625
 722065
 723658
 723066
 722310
 725775
 723600
 724084
 726064
 727457
 725955
 723235
 727507
 726463
 725036
 725156
 727533
 727845
 722106
 722897
 726557
 723290 - missing
 724677
 723406
 725520
 725360
 725564
 726077
 726116
 726055
 726410
 725635
 726450
 724660
 724940
 726576
 724117
 724754
 724200 - missing
 724060
 722499
 722590
 722070
 724050
 726384
 722270
 723550
 726567
 723677
 747390 - missing
 726770
 725050 - missing
 722390
 724085
 725090
 746930
 723143
 727535
 725717
 726798
 724580
 723193
 726468
 722536
 724095
 742300
 726945
 725690
 724695
 725025
 724175
 725314
 723495
 722516
 725930 - missing
 726360
 723110
 723095
 745966
 747570 - missing
 724920
 726498
 724518
 725480
 725464
 722269
 725489
 725780
 723440
 725478
 724733 - missing
 725190
 727473
 725467
 723030
 726457
 725976
 722430
 724115
 725124
 727856
 724110
 725130
 723080
 725724
 727976
 724507
 722710
 723540
 723417
 726487
 724586
 722587
 725867
 725700
 725377
 726357
 722446
 725118
 725045
 722405
 722470
 725566
 726515
 726566
 725526
 722680
 727680
 724880
 726440
 722055
 724290
 725524
 726980
 726556
 724755
 745985 - last
 725560
 723450
 726886
 724506
 724190
 725510
 726390
 997353
 747185
 747686
 725565
 723065
 727458
 727573
 724620
 725220
 727530
 722050
 726545
 725456
 722136
 722170
 725905
 726917
 723520
 726986
 726380
 724550
 727825
 747930
 723526
 722515
 725636
 725088
 726587
 726930
 727885
 725805
 727476
 726184
 722555
 724490
 726650
 723926
 723663
 724250
 723405
 724230
 725046
 722530
 725128
 722223
 725485
 722540
 726435
 724340
 724769
 723085
 724655
 724765
 724855
 725370
 724560
 727415
 726185
 724955
 727830
 724760
 724033
 722695
 724288
 725030
 722580
 722350
 724100
 747540
 727566
 723350
 724140
 725064
 722650
 722175
 725469
 727450
 723740
 722287
 724106
 745980
 722140
 727928
 722563
 727690
 725945
 725250
 725315
 723035
 723119
 724800
 725910
 725290
 723150
 724177
 725125
 723170
 724080
 722250
 724650
 747188
 725350
 723013
 727686
 725470
 722550
 722235
 725340
 723560
 724297
 725210
 722505
 726456
 722725
 724517
 723418
 723346
 727770
 723566
 724635
 724665
 727445
 724420
 726547
 723535
 727437
 747560
 723723
 723750
 724756
 727670
 725540
 743700
 725127
 726455
 724459
 724454
 724275
 722196
 727857
 725830
 722245
 724273
 722230
 726569
 722720
 726700
 723230
 722429
 747360
 724320
 725060
 724243
 723407
 727340
 742060
 726480
 725395
 725847
 723545
 725555
 726400
 722280
 722780
 724010
 723090
 726568
 724676
 723106
 725490
 727440
 725197
 725066
 724107
 722486
 726560
 722400
 724467
 723530
 724458
 724220
 724350
 722575
 725610
 725750
 724860
 722265
 724723
 727556
 727750
 725280
 727855
 747020
 725087
 723980
 726572
 723896
 725660
 723260
 724386
 725825
 722160
 723100
 726050
 725846
 722656
 727934
 727676
 723660
 725975
 725645
 722630
 722686
 726160
 722599
 726467
 724180
 725150
 722594
 726430
 727827
 723096
 724926
 724105
 726578
 725500
 722316
 725755
 725866
 726810
 726583
 723120
 722410
 722180
 724066
 726355
 724505
 744655
 722329
 725468
 725065
 722053
 722577
 722284
 727720
 722085
 726603
 727937
 724375
 726588
 747910
 722517
 725670
 722345
 725140
 726920
 723525
 724450
 727640
 725460
 725126
 724086
 724120
 722115
 747804
 723086
 727675
 726565
 725240
 743945
 723544
 726465
 725058
 746710
 722547
 725530
 724698
 723040
 724036
 726165
 723650
 724075
 724113
 724338
 723200
 725378
 724026
 722485
 727452
 723445
 723870
 724238
 726540
 726589
 723270
 725525
 726464
 722040
 722487
 725117
 724037
 723890
 725474
 725626
 726575
 746410
 727846
 722500
 722340
 725497
 726813
 727475
 722285
 724235
 726379
 727503
 722060
 725326
 724040
 722524
 747460
 723444
 724460
 724585
 727344
 722740
 726555
 724210
 722348
 725465
 722195
 725384
 722956
 725335
 724945
 727910
 726564
 723860
 722255
 727920
 722038
 725116
 725037
 726880
 722533
 725776
 727550
 724390
 724837
 723416
 724176
 724636
 725720
 744864
 726370
 722860
 726620
 726550
 725165
 723306
 725430
 720749
 726385
 726884
 724957
 724056
 724510
 722480
 726586
 726350
 722800
 722358
 727347
 726060
 723068
 724468
 722020
 724055
 726579
 725376
 723010
 725180
 723448
 725103
 725330
 723510
 725620
 727130
 722110
 726590
 725267
 724555
 726115
 722320
 725450
 723565
 722931
 724053
 725266
 722869
 724335
 727478
 723575
 724455
 725556
 722523
 724170
 723627
 746716
 725396
 725640
 725473
 724365
 722595
 724830
 725895
 723403
 726525
 725200
 727470
 747810
 722436
 722683
 725850
 723069
 722670
 723347
 726499
 722190
 725628
 723160
 726815
 726500
 725054
 723925
 722057
 726510
 724345
 723060
 724515
 722260
 725496
 725067
 724565
 725320
 725205
 727477
 725454
 725390
 725287
 726776
 724380
 727687
 726073
 727924
 725533
 747900
 724336
 724373
 726170
 724017
 725098
 722597
 723140
 726145
 747870
 724286
 724430
 722016
 725453
 724500
 725785
 723436
 724885
 725463
 724463
 722080
 725946
 745160
 726395
 722615
 722687
 727730
 723250
 725305
 726959
 723075
 747320
 724516
 726584
 722640
 725705
 725570
